25 21
0 0
12 12 12 12 12 12 12 12 12 12 12 12 12 12 12 12 12 12 12 12 12 12 12 12 12
12 10 10 10 10 10 10 10 10 10 10 10 10 10 10 10 10 10 10 10 10 10 10 10 12
12 10 10 10 10 10 10 10 10 10 10 10 10 10 10 10 10 10 10 10 10 10 10 10 12
12 10 10 10 12 12 10 10 10 10 10 10 10 10 10 10 10 10 10 10 10 10 10 10 12
12 10 10 10 12 12 10 10 10 10 10 10 10 10 10 10 10 10 10 10 10 10 10 10 12
12 10 10 10 22 10 10 10 10 10 22 10 22 10 22 10 10 10 10 22 10 10 10 10 12
12 10 10 10 10 10 10 10 10 10 10 10 10 10 10 10 10 10 10 10 10 10 10 10 12
12 10 10 10 22 10 10 10 10 10 22 10 22 10 22 22 10 10 10 22 10 10 10 10 12
12 10 10 10 10 10 10 10 10 10 10 11 11 11 10 10 10 10 10 10 10 10 10 10 12
12 10 10 10 10 22 10 10 10 22 10 11 22 11 22 10 22 10 10 22 10 10 10 10 12
12 10 10 10 10 10 10 10 10 10 10 11 11 11 10 10 10 10 10 10 10 10 10 10 12
12 10 10 10 10 22 10 22 10 22 10 10 22 10 22 10 10 22 10 22 10 10 10 10 12
12 10 10 10 10 10 10 10 10 10 10 10 10 10 10 10 10 10 10 10 10 10 10 10 12
12 10 10 10 10 22 10 22 10 22 10 10 22 10 22 10 10 10 22 22 10 10 10 10 12
12 10 10 10 10 10 10 10 10 10 10 10 10 10 10 10 10 10 10 10 10 10 10 10 12
12 10 10 10 10 10 22 10 22 10 10 10 22 10 22 10 10 10 10 22 12 10 10 10 12
12 10 10 10 10 10 10 10 10 10 10 10 10 10 10 10 10 10 10 12 12 10 10 10 12
12 10 10 10 10 10 10 10 10 10 10 10 10 10 10 10 10 10 10 10 10 10 10 10 12
12 10 10 10 10 10 10 10 10 10 10 10 10 10 10 10 10 10 10 10 10 10 10 10 12
12 10 10 10 10 10 10 10 10 10 10 10 10 10 10 10 10 10 10 10 10 10 10 10 12
12 12 12 12 12 12 12 12 12 12 12 12 12 12 12 12 12 12 12 12 12 12 12 12 12